[gd_scene load_steps=7 format=3 uid="uid://bnkgp10qi2855"]

[ext_resource type="MeshLibrary" uid="uid://spgkhdcvje53" path="res://proto.tres" id="1_036b0"]
[ext_resource type="Script" uid="uid://bd046eokvcnu2" path="res://addons/phantom_camera/scripts/phantom_camera_host/phantom_camera_host.gd" id="3_036b0"]
[ext_resource type="Script" uid="uid://csjccrhj5wnx7" path="res://addons/phantom_camera/scripts/phantom_camera/phantom_camera_3d.gd" id="4_dwbse"]
[ext_resource type="PackedScene" uid="uid://y7tbjujgyinm" path="res://player.tscn" id="5_036b0"]
[ext_resource type="Script" uid="uid://8umksf8e80fw" path="res://addons/phantom_camera/scripts/resources/tween_resource.gd" id="5_pkg7o"]

[sub_resource type="Resource" id="Resource_gbfbk"]
script = ExtResource("5_pkg7o")
duration = 1.0
transition = 0
ease = 2

[node name="World" type="Node3D"]

[node name="GridMap" type="GridMap" parent="."]
mesh_library = ExtResource("1_036b0")
cell_size = Vector3(1, 1, 1)
data = {
"cells": PackedInt32Array(0, 0, 0, 0, 2, 1441792, 0, 65535, 0, 0, 65534, 1441792, 1, 65534, 1441792, 2, 65534, 1441792, 2, 65535, 655361, 2, 0, 655361, 2, 1, 655361, 2, 2, 655361, 1, 2, 1, 1, 1, 1, 1, 0, 1, 1, 65535, 1, 65535, 65534, 1441792, 65535, 65535, 0, 65535, 0, 0, 65535, 1, 0, 65535, 2, 1441792, 65534, 2, 1048710, 65534, 1, 1048710, 65534, 0, 1048710, 65534, 65535, 1048710, 65534, 65534, 1048710, 0, 1, 0, 3, 65535, 0, 3, 0, 0, 4, 0, 0, 4, 1, 0, 4, 2, 0, 3, 2, 0, 3, 1, 0, 5, 0, 0, 5, 65535, 0, 4, 65535, 0, 5, 1, 1441792, 5, 2, 1441792, 5, 3, 1441792, 4, 3, 1441792, 3, 3, 1441792, 2, 3, 1441792, 1, 3, 1441792, 0, 3, 1441792, 5, 65534, 1441792, 4, 65534, 1441792, 3, 65534, 1441792)
}

[node name="Camera3D" type="Camera3D" parent="."]
physics_interpolation_mode = 1
transform = Transform3D(-1, 6.32203e-08, -6.32203e-08, 3.55271e-15, 0.707107, 0.707107, 8.9407e-08, 0.707107, -0.707107, 0.443605, 2.2427, -0.163806)

[node name="PhantomCameraHost" type="Node" parent="Camera3D"]
process_priority = 300
process_physics_priority = 300
script = ExtResource("3_036b0")
metadata/_custom_type_script = "uid://bd046eokvcnu2"

[node name="PhantomCamera3D" type="Node3D" parent="." node_paths=PackedStringArray("follow_target")]
transform = Transform3D(-1, 6.32203e-08, -6.32203e-08, 3.55271e-15, 0.707107, 0.707107, 8.9407e-08, 0.707107, -0.707107, 0.443605, 2.2427, -0.163806)
script = ExtResource("4_dwbse")
follow_mode = 6
follow_target = NodePath("../CharacterBody3D")
tween_resource = SubResource("Resource_gbfbk")
follow_offset = Vector3(0, 1, 0)
metadata/_custom_type_script = "uid://csjccrhj5wnx7"

[node name="DirectionalLight3D" type="DirectionalLight3D" parent="."]
transform = Transform3D(1, 0, 0, 0, 0.488484, 0.872573, 0, -0.872573, 0.488484, 0, 9.52688, 8.38861)

[node name="CharacterBody3D" parent="." instance=ExtResource("5_036b0")]
transform = Transform3D(1, 0, 0, 0, 1, 0, 0, 0, 1, 0.443605, 0.535594, 0.543301)
speed = 5.0
jump_velocity = 4.5
gravity = 9.8
